2483
-68.5459 61.9441 33.8768 77.6805 -36.8029 30.6312 94.9988 -5.65087 -9.72289 61.3485 -80.0429 
-12.1089 -0.757374 34.0458 99.4207 20.3548 -31.5004 56.3282 -41.5347 -8.93708 -35.0751 93.5834 
40.7633 -18.5624 -38.0631 -43.0923 50.5782 -11.9137 68.3403 89.6744 -45.5446 74.4903 -68.8022 
-85.8209 -49.8101 -43.4364 81.5171 58.3414 4.95475 1.11165 -78.2572 -23.355 78.6593 -42.145 
57.842 9.84836 -85.0609 -19.7445 9.36104 2.32782 -74.8386 95.8132 -58.7752 0.275895 -32.3461 
58.2477 -98.0887 72.6385 67.7282 -13.3712 -91.4766 29.2041 -85.4444 62.4485 -70.806 -60.6117 
-50.523 -98.4281 18.3791 71.4114 -8.14067 13.5276 86.4251 63.3629 -65.0776 44.3196 96.4749 
-56.2742 -46.4529 -93.2405 -94.022 14.4588 10.4921 -1.11342 29.8307 -21.5056 -36.11 72.4731 
81.6738 32.0485 76.9676 -32.175 61.7247 -66.1604 -11.2858 -42.8676 -78.3065 63.634 -87.7244 
60.0812 -41.7588 -93.5428 60.368 55.4093 -17.318 32.6141 -46.5928 -46.9614 58.4948 -9.15152 
-92.2515 -40.8063 28.2363 -90.2919 -45.646 -68.0818 76.0568 46.9124 92.306 -52.5974 17.5698 
-
21.3864 -94.098 -72.0883 63.7957 53.643 -41.6149 7.99549 -33.8504 9.01262 -9.62737 23.6581 
-34.7633 24.9158 62.1345 74.7778 5.64876 -71.7674 -26.156 23.3506 51.1771 86.1048 32.5228 
-13.8928 -56.0989 47.8558 29.302 10.4746 -63.6769 -89.5355 56.9575 -71.1633 -60.3435 -2.43862 
-38.6772 32.5273 63.5119 94.4105 -6.67488 59.3019 99.5167 96.0753 -95.0947 -7.09026 -46.4706 
-25.8951 -88.9122 64.0747 24.7862 -25.0643 62.2836 54.2776 77.1087 33.4138 43.6095 -77.9274 
39.8158 21.4192 -72.9472 -83.8978 -22.616 -78.3064 -2.82853 -74.8061 -89.3068 35.6694 -26.9672 
6.82384 -69.3686 -33.0706 89.5183 4.26727 42.3263 -81.5505 5.4227 -55.1651 -37.9539 -93.587 
8.04589 46.6007 53.1044 -38.4478 -40.8392 18.2107 -77.2517 -89.6457 -62.5432 -32.822 59.9445 
71.5243 75.3658 96.8284 3.32959 57.096 -58.5071 11.1311 57.9332 68.3504 23.5882 -42.4825 
78.0248 -3.62473 -8.53172 9.81788 -40.3465 -22.3112 -89.1501 78.2909 -48.0761 -81.4345 -87.5892 
-35.4049 83.3144 17.1007 38.4874 -45.1613 -48.9834 20.0256 -87.4947 32.3389 -12.1484 -87.6334 
-
72.7645 -21.7204 -33.8504 -35.281 36.0478 78.5078 -63.9114 -94.38 -87.1851 89.5648 -47.1128 
-50.6987 -61.5023 67.4396 -37.9156 4.88082 64.1232 -6.09993 -45.9978 77.2647 -71.9114 -10.1199 
-41.1357 31.034 45.0808 7.83139 44.9763 65.3465 -73.2395 6.09401 -57.369 -65.2174 40.7751 
30.3805 -71.9697 -89.5424 0.0731598 96.2731 -91.797 49.9663 -81.3457 -50.8688 -3.45777 35.34 
-
72.3299 -96.9885 55.6903 12.5579 -79.4238 -73.1598 27.7493 -28.851 -85.5456 -17.6721 62.4489 
-
11.0826 -41.5636 9.01113 53.773 -36.6486 92.4614 80.2859 -55.8427 -0.510386 48.1929 86.7538 
-
-80.3921 -20.0873 45.6335 44.1145 