0
1.77375 17.0206 -14.9797 -1.77436 0.149793 1.54785 -12.0372 -1.47844 21.0685 -3.76831 10.8388 1.63921 -3.27105 -22.2635 -1.95643 9.16108 -12.2123 -4.69121 4.72227 15.8798 -6.23855 6.0724 3.86515 -6.23855 -6.23855 
5.40514 -1.16464 -12.6663 9.94874 -1.82889 -7.8502 1.93131 12.6149 16.9502 8.46034 0.0383857 8.18061 -23.2853 -1.81453 1.20025 4.63068 0.8502 0.331118 -4.86873 -5.74328 12.5916 2.38149 1 -6.23855 -6.23855 
12.4222 8.67476 1.46631 -4.59754 14.3199 -6.17965 5.15172 14.0432 39.8333 -11.6207 14.751 3.07208 -2.30267 -18.337 20.1988 10.0181 -11.3493 1.80782 4.285 -12.1905 -5.05346 1 1 -5.77473 -6.23855 
1.82457 25.9921 1.94903 9.7327 0.478886 8.82047 -10.3069 -8.57991 13.9316 8.43583 0.191237 -6.22911 -1.44751 -1.34582 0.227914 -25.6284 -7.48117 8.21977 11.4157 10.4376 -3.42544 1 -1.23794 -4.37905 -6.23855 
3.98074 -11.1734 11.5824 3.21884 -11.0249 6.63979 -14.2588 4.746 9.02657 -6.12452 7.36172 -5.45138 1.79 13.2879 -16.6271 -12.5204 0.0953878 -1.36328 9.83511 -15.3824 -10.4901 1 1.91355 -5.89426 -6.23855 
-5.22154 -2.69184 -9.39948 -19.7857 0.317328 3.60376 7.34455 2.08817 8.42195 -4.81621 6.26572 -2.82444 -18.6478 11.8563 8.7467 -0.591633 -11.3213 6.64904 -15.5342 0.496719 10.6212 -2.401 -3.93948 -6.25473 -6.23855 
7.62896 14.5309 8.33176 27.1507 -1.32581 -4.96841 8.83434 4.59873 14.0876 4.34529 -5.94652 -4.79811 22.5688 -9.16603 -19.7025 -14.5189 -21.8235 1.5121 -14.9239 -5.21021 13.255 1 0.0635967 -6.23855 -6.23855 
-3.45081 0.684894 -4.63097 16.3056 -12.2224 -0.0505703 6.38741 -9.39541 16.3157 -1.84672 1.62629 -6.87879 1.15345 -2.13717 -6.98085 2.02672 -8.83458 2.20802 3.91916 -7.30985 10.861 1 1.1838 -2.29741 -6.23855 
1.33631 -4.6216 -11.4403 -2.04017 -14.4988 0.691241 2.02515 -10.1827 0.68495 -22.8427 1.93371 2.35513 2.41249 3.36671 22.6186 15.2543 -4.82136 -4.89963 -2.36955 -8.18435 -4.11749 -4.89038 -2.15862 -6.23855 -6.23855 
-4.48262 35.6705 -0.589278 -0.967908 -7.58314 8.67297 -9.89667 -11.0081 -12.5975 6.53444 -16.4439 -7.83839 -13.5186 11.0149 5.18951 -10.2689 1.40116 1.84672 1.97491 -0.325665 -17.9443 2.30291 0.834029 -6.1696 -6.23855 
-
6.68085 3.48443 -19.3307 -3.40552 3.23319 -6.5723 3.87656 -5.31661 -12.1806 12.0753 
1.15363 5.21656 -14.2755 1.23256 -5.43222 5.66131 14.7424 5.46025 -9.56706 -4.74987 
-3.80097 -3.43592 -17.3693 20.5961 8.66985 9.65515 4.77497 2.98494 13.5442 9.84928 
16.1145 3.32911 5.85162 -0.678486 2.45505 -1.2065 -5.66417 -8.30444 9.42344 28.2776 
5.48862 7.15795 6.58355 3.55129 -2.34945 -8.90546 -0.39998 2.6408 -9.74254 -15.0511 
8.2228 -3.54972 -8.61441 -12.0584 -3.85958 2.06877 3.46097 0.162705 12.137 -10.2949 
-16.0801 12.3786 -2.22761 14.0711 5.22904 -8.36633 11.8436 -20.3329 0.135742 4.74418 
10.3231 -1.33641 0.224061 6.02659 -3.34408 -2.19458 -6.17779 11.9951 6.06762 -0.632335 
-6.13923 13.4827 -7.28985 3.85446 15.7653 -7.19781 13.1753 5.16355 15.1471 2.11036 
-6.60762 1.26603 -3.4771 9.96207 6.35089 -10.7298 2.52319 21.3684 -29.2352 -2.02917 
-
-14.073 -6.25659 -6.64576 -6.54465 0.966189 -19.1158 -12.3993 -8.27894 -0.0806295 2.00067 
-1.0152 2.0433 12.4306 -11.8619 -5.63145 -2.90663 1.67159 0.780011 -18.4358 25.0952 
-5.82978 6.68387 -14.0613 -15.1032 -8.84097 10.2542 9.11442 4.3323 -0.937492 9.05869 
7.38465 24.0659 -10.1584 -0.901317 -8.98636 14.9138 -5.44497 -3.12409 3.50455 4.76596 
-
1.81132 8.68842 -4.35942 -16.4768 -10.1033 5.36687 7.08733 -9.6415 -5.00432 10.9865 
-
9.451 19.2662 13.3173 21.7159 11.7998 4.72059 -20.0679 0.0327877 -3.18998 1.3025 
-
5.82938 9.73526 -11.7454 -1.06552 