0
1.77375 17.0206 -14.9797 -1.77436 0.149793 1.54785 -12.0372 -1.47844 21.0685 -3.76831 10.8388 1.63921 -3.27105 -22.2635 -1.95643 9.16108 -12.2123 -4.69121 
1.77375 17.0206 -14.9797 -1.77436 0.149793 1.54785 -12.0372 -1.47844 21.0685 -3.76831 10.8388 1.63921 -3.27105 -22.2635 -1.95643 9.16108 -12.2123 -4.69121 
1.77375 17.0206 -14.9797 -1.77436 0.149793 1.54785 -12.0372 -1.47844 21.0685 -3.76831 10.8388 1.63921 -3.27105 -22.2635 -1.95643 9.16108 -12.2123 -4.69121 
1.77375 17.0206 -14.9797 -1.77436 0.149793 1.54785 -12.0372 -1.47844 21.0685 -3.76831 10.8388 1.63921 -3.27105 -22.2635 -1.95643 9.16108 -12.2123 -4.69121 
1.77375 17.0206 -14.9797 -1.77436 0.149793 1.54785 -12.0372 -1.47844 21.0685 -3.76831 10.8388 1.63921 -3.27105 -22.2635 -1.95643 9.16108 -12.2123 -4.69121 
1.77375 17.0206 -14.9797 -1.77436 0.149793 1.54785 -12.0372 -1.47844 21.0685 -3.76831 10.8388 1.63921 -3.27105 -22.2635 -1.95643 9.16108 -12.2123 -4.69121 
1.77375 17.0206 -14.9797 -1.77436 0.149793 1.54785 -12.0372 -1.47844 21.0685 -3.76831 10.8388 1.63921 -3.27105 -22.2635 -1.95643 9.16108 -12.2123 -4.69121 
-
6.68085 3.48443 -19.3307 -3.40552 3.23319 -6.5723 3.87656 
6.68085 3.48443 -19.3307 -3.40552 3.23319 -6.5723 3.87656 
6.68085 3.48443 -19.3307 -3.40552 3.23319 -6.5723 3.87656 
6.68085 3.48443 -19.3307 -3.40552 3.23319 -6.5723 3.87656 
6.68085 3.48443 -19.3307 -3.40552 3.23319 -6.5723 3.87656 
6.68085 3.48443 -19.3307 -3.40552 3.23319 -6.5723 3.87656 
6.68085 3.48443 -19.3307 -3.40552 3.23319 -6.5723 3.87656 
-
-14.073 -6.25659 -6.64576 -6.54465 0.966189 -19.1158 -12.3993 
-14.073 -6.25659 -6.64576 -6.54465 0.966189 -19.1158 -12.3993 
-14.073 -6.25659 -6.64576 -6.54465 0.966189 -19.1158 -12.3993 
-14.073 -6.25659 -6.64576 -6.54465 0.966189 -19.1158 -12.3993 
-14.073 -6.25659 -6.64576 -6.54465 0.966189 -19.1158 -12.3993 
-
1.81132 8.68842 -4.35942 -16.4768 -10.1033 5.36687 7.08733 
-
1.81132 8.68842 -4.35942 -16.4768 -10.1033 5.36687 7.08733 
-
5.82938 9.73526 -11.7454 -1.06552 -1.06552 