59823
-6.89717 99.898 35.0271 -89.2347 23.3116 -5.71322 -63.5683 -50.566 
26.2076 82.9781 -12.9939 -29.2577 5.1095 80.7712 0.694409 -18.214 
-20.6609 -5.43366 115.462 -108.778 -64.652 -31.677 -38.4039 55.9232 
-11.3609 0.820919 -26.2471 -52.4483 9.99521 -97.8399 30.2205 -27.0703 
-52.2768 -50.7073 -106.45 11.7583 50.1631 -24.7666 56.6034 -34.1523 
-58.0667 24.1067 
-47.0099 58.4582 
-
-24.4031 -81.261 23.9917 -16.1058 12.6613 
-48.0891 -27.1036 4.24499 114.587 53.5463 
-64.9183 -2.58053 
-
8.17631 -8.28704 23.3558 17.9015 31.9778 -37.3632 89.4173 
-
-61.922 14.4664 80.3796 
-
