5528
14.3166 -11.5277 -31.1493 59.2423 122.264 -69.9065 24.1792 -148.328 161.2 41.0326 95.0763 -41.6483 23.2847 -9.90982 -107.363 11.9674 -80.8502 -2.84894 -30.0398 172.137 5.43447 -9.74765 -13.6299 8.24453 3.11709 
-67.9566 -158.235 15.0767 -48.9364 -137.924 -90.7658 205.366 -27.0552 55.0811 54.1707 -114.801 30.9955 -27.5789 -64.8304 -43.377 74.2003 303.295 -27.2993 -35.2265 -130.504 50.9591 -24.5796 54.9821 142.442 -150.812 
-60.4181 51.9197 21.0666 69.8473 -73.8646 -124.236 -38.3317 -37.6943 52.9085 -108.988 70.0422 148.771 -87.537 -6.83508 -45.9738 20.7948 -32.0741 -103.493 -52.5732 48.5781 67.0517 33.1345 66.1856 37.1974 -194.094 
-88.0282 46.9553 -14.8508 146.115 78.8695 2.69737 75.9732 -4.17097 -46.6222 39.8962 136.251 49.4081 71.6584 -88.5028 -20.7046 -49.6689 76.0178 140.583 131.584 -16.7498 -68.5166 206.022 -170.572 52.6407 -53.1018 
44.0421 -77.6923 31.4562 67.934 154.906 -71.7154 -18.1793 -173.414 130.95 51.8229 71.1635 4.22779 46.933 -35.2928 -106.311 -2.7488 -97.8448 -6.75088 -26.2274 179.05 -10.926 -12.1775 0.420386 -27.944 35.3624 
-60.1293 -162.27 20.2623 -55.451 -124.133 -64.2386 231.738 -27.5008 19.783 111.189 -80.0739 64.4812 -61.5789 -59.0943 -79.2356 63.2745 286.162 -17.982 -9.7974 -96.8094 52.6408 17.9345 47.1251 147.341 -170.022 
-28.4994 24.5915 12.1044 89.1984 -53.7876 -90.0901 -43.2961 -36.6513 103.3 -135.319 105.332 116.339 -55.3306 16.5456 -57.0264 -15.1057 -37.0093 -58.4239 -46.0623 8.76238 59.5806 54.0868 82.3084 53.2732 -202.386 
-79.3039 27.4105 -18.9012 118.382 106.437 33.4163 70.5762 -0.375013 -55.0079 8.20928 163.969 77.1653 70.6273 -53.5819 -14.5551 -63.1839 61.1645 177.141 179.646 -3.85406 -63.487 186.423 -118.517 33.7896 -64.5335 
-
84.6916 -24.9515 -76.1654 15.4253 97.8241 227.299 -41.6457 10.3209 
10.0553 -10.026 38.366 -19.5892 22.433 -31.1716 -44.6946 45.4954 
-27.0289 32.6448 -99.9794 -73.226 -34.8504 98.2342 16.2634 -32.2915 
-106.388 0.690221 37.3358 79.3793 -36.4761 -20.4321 43.7391 35.1558 
-
-78.3398 29.7987 -27.1519 -98.8516 -94.627 38.3765 -36.9508 -136.014 
-
104.938 95.452 40.4451 -57.0162 