5528
14.3166 -11.7796 -31.0081 59.1535 123.694 -69.9065 24.1792 -148.328 163.06 42.1744 94.4838 -42.5401 25.7324 -9.90982 -107.874 11.7337 -80.8502 -3.75169 -31.3068 173.127 7.32164 -10.5045 -13.0401 9.3186 2.09683 
-68.1517 -157.029 15.4803 -48.9364 -137.924 -90.7658 205.841 -26.2657 57.971 54.1707 -113.901 31.1796 -27.1336 -65.1182 -43.5793 74.2003 302.589 -26.0384 -36.2285 -130.129 50.6598 -25.505 52.8623 142.442 -151.136 
-60.215 51.8009 21.0666 69.3245 -73.8646 -124.344 -38.0597 -37.6943 52.4315 -109.871 70.7105 148.745 -87.2466 -6.83508 -42.9801 16.5531 -34.2112 -104.345 -52.1719 49.0746 67.0517 34.0516 68.3611 38.6739 -194.094 
-86.2114 46.7685 -13.0066 146.305 81.8585 2.5812 74.7689 -4.17097 -45.9162 39.4191 136.156 49.4081 72.7356 -87.6315 -20.7046 -47.6912 76.0178 140.621 131.804 -16.7498 -69.0932 206.501 -168.699 52.6407 -53.1018 
45.0217 -78.5044 31.9543 68.5364 154.906 -72.2762 -18.1793 -172.756 129.563 52.5486 70.1366 4.22779 47.5548 -35.8178 -106.311 -3.5246 -100.425 -6.49622 -26.2274 179.123 -10.926 -12.0825 0.735836 -27.724 35.3624 
-58.3008 -160.951 20.3957 -54.8691 -124.457 -63.2182 231.738 -28.3123 18.7545 111.241 -80.0739 64.4812 -61.863 -59.0943 -79.2356 63.6767 286.162 -18.4485 -8.65144 -97.6644 51.7717 17.9345 44.2651 145.981 -169.176 
-27.9023 24.5915 13.3169 87.211 -52.3908 -90.5048 -42.4906 -37.327 103.492 -136.476 105.523 116.339 -55.679 15.3404 -57.4395 -14.494 -37.0093 -57.541 -47.1866 8.76238 60.4932 52.0775 80.6406 53.5557 -202.288 
-78.0598 28.563 -17.2031 118.382 106.439 33.4418 70.7378 -2.07217 -53.8398 9.81994 162.922 75.3322 70.6273 -53.5819 -16.518 -63.3781 59.9178 177.585 179.964 -4.72299 -63.4334 185.063 -118.568 33.5654 -66.3211 
-
84.6916 -26.4866 -77.1446 15.4253 100.651 227.017 -41.6457 9.52103 
8.47913 -10.5715 37.5876 -18.3044 21.009 -30.1292 -45.505 43.958 
-27.0289 31.0376 -101.187 -73.226 -34.8504 96.9958 15.5648 -30.8727 
-107.854 0.575165 37.3358 80.4146 -37.3232 -20.7304 41.8084 34.6025 
-
-78.3398 28.4084 -28.0012 -97.4302 -94.5422 38.3765 -36.9508 -136.228 
-
106.316 97.8724 40.7089 -57.3593 
-
