0
52.8192 -60.8321 2.28801 62.5634 136.854 -74.8772 -2.88083 -166.272 154.935 42.5351 78.9678 3.0015 53.9582 -16.5216 -107.253 0.864252 -79.2498 -29.4382 -29.4382 167.05 5.42012 9.49122 13.3296 3.70723 26.6055 
-50.4674 -149.086 -9.83493 -34.5417 -111.186 -85.1584 228.977 -44.5717 45.1333 87.9948 -97.889 46.6842 -41.9809 -61.2731 -63.2032 65.4139 284.654 -32.5163 -32.5163 -104.606 58.4384 -1.06961 64.7089 123.425 -168.715 
-22.3624 32.0093 25.2342 92.4703 -35.4718 -111.963 -24.1784 -43.3295 72.2224 -110.21 67.0174 120.607 -70.8391 -10.4451 -52.2806 15.1364 -34.7376 -59.4074 -59.4074 16.8653 86.1959 47.0335 72.9974 43.7604 -177.82 
-82.5692 55.8444 -13.7442 128.18 103.285 19.1531 68.9341 -11.8042 -47.5198 18.6871 158.054 72.8589 58.6652 -82.2906 -16.1498 -66.8575 81.885 162.53 162.53 -14.7836 -75.6355 208.894 -123.886 19.5022 -63.1708 
52.1265 -58.2311 3.20331 75.8897 136.245 -72.9698 -9.97441 -161.411 160.901 49.4993 75.4096 19.5247 52.8326 -22.7383 -102.233 -7.52018 -78.8316 -31.8177 -31.8177 165.83 -7.49788 14.9081 23.5279 6.07775 23.9221 
-49.9383 -147.734 -15.2064 -37.1954 -107.98 -78.972 232.869 -43.7663 32.0027 100.653 -92.2477 43.3109 -41.5435 -61.3555 -75.8079 58.4624 269.627 -31.3767 -31.3767 -93.5986 56.2744 -3.98796 67.3726 126.647 -166.521 
-31.6428 37.0343 18.5241 88.4915 -35.7396 -97.5423 -25.9602 -40.932 70.964 -113.095 82.0484 110.253 -62.9699 -16.7508 -69.6887 3.3126 -28.8309 -54.7262 -54.7262 20.8936 84.2103 43.4952 78.0901 50.7589 -186.42 
-77.7011 58.4226 -24.0962 134.275 94.1578 14.5858 72.8883 -11.2684 -32.8164 8.62098 158.559 54.9737 61.9066 -82.4782 -18.5948 -64.5528 72.7536 166.938 166.938 -21.974 -65.8322 194.421 -121.286 22.8139 -61.7238 
-
86.6121 -8.71439 -86.4138 10.6063 108.188 226.532 -33.0078 12.3729 
26.9374 -5.5503 20.1475 1.9739 -3.38272 -14.7576 -75.3171 38.0583 
-23.2438 28.8326 -142.845 -70.1227 -17.2149 102.183 27.2593 -42.5841 
-108.743 -33.6288 15.1114 80.6887 -19.6881 7.43037 44.3193 79.868 
-
-85.0345 41.3018 -39.6263 -113.669 -88.0089 45.0915 -30.7377 -111.025 
-
109.376 99.2113 40.3114 -35.0302 