23885
-4.17881 -48.3365 -14.4156 -19.6525 -67.6938 -41.2345 13.4675 -31.0241 -63.7533 21.2405 -54.8407 
-14.1652 9.00267 0.683312 11.9007 -8.81978 -7.52985 22.3505 -27.216 71.3861 7.21647 6.76104 
-25.1844 46.4251 -18.5247 38.3779 -9.63133 46.7729 4.42644 4.85996 4.24048 45.0944 16.9905 
33.9523 -43.7117 21.6208 -23.3082 -4.76531 -36.4369 68.558 -47.4105 -14.5816 -6.0461 -12.121 
-43.6539 -61.1573 -14.9339 -93.9356 -31.059 47.9866 -36.7207 -32.7055 -16.7919 84.886 8.58456 
-29.3977 -3.69799 -3.85254 -20.0991 -3.96712 -2.68827 -5.06098 -29.5224 -59.6621 57.6993 -11.1856 
-0.422647 19.7662 -34.3566 -22.3579 -8.69042 -5.66008 -7.22652 57.6383 -48.3476 -7.07223 -17.2142 
-35.3282 -0.879938 -62.7117 -15.7044 25.5609 8.78466 33.1359 -20.3353 -28.9447 15.1937 59.9179 
-8.34538 -28.7662 23.6864 -98.637 30.0486 -13.8727 26.8276 -1.2157 -25.0023 -22.0839 -30.4705 
47.921 0.921745 23.365 27.9563 35.0058 58.1106 -28.0407 15.0869 -32.1447 60.4193 68.6549 
-83.8595 -6.74339 -1.15173 25.99 42.5564 1.28886 36.561 -9.83269 52.862 68.9874 22.9455 
-
-44.0212 11.1455 11.3523 -62.2315 18.6206 12.0302 10.4115 17.6082 11.7227 3.46087 -35.6989 
65.0413 -32.6633 -40.2788 -0.251547 1.01466 27.3681 26.5479 1.21934 -29.0495 -25.7802 -100.917 
8.44429 -26.4517 55.4769 -27.4749 31.2635 -9.8916 36.129 57.9194 -4.47589 -37.0326 -28.7094 
-60.5133 -5.59694 23.8719 44.9591 60.6252 -28.9648 4.01789 41.0285 4.57104 53.3249 -7.21928 
2.62171 -80.2406 19.7707 30.1609 15.4036 -90.6973 33.1806 14.2829 -42.6569 -10.9485 15.7252 
77.8719 7.5501 7.65743 96.2874 -33.6791 -8.30055 21.3544 -35.9077 90.6138 54.3187 6.92339 
63.5413 -17.8551 -19.8018 64.8605 -49.2114 -6.09314 -23.0546 -8.34351 31.3945 -70.4432 7.53768 
-79.7069 -75 25.7192 -8.09835 18.2552 12.4056 56.329 35.2507 41.433 40.5141 2.73603 
63.9549 17.0751 21.533 23.4341 -41.095 -27.2634 19.9727 23.9432 56.5359 -85.0092 -70.9158 
16.0262 43.4914 15.0004 -55.2403 6.11821 5.97919 -66.1889 -62.9761 13.3197 -68.984 -15.2026 
70.7478 -57.2453 -26.9293 -4.61326 0.770068 -23.9226 38.2435 2.5304 -77.6506 14.6115 -34.2152 
-
-60.5892 -6.74694 42.5759 -32.1439 -27.2514 -20.7779 -9.0739 -3.21159 26.3133 9.49894 -24.5356 
46.9773 -3.2445 25.7622 18.9159 69.3924 15.9845 -27.6885 67.8644 -36.4565 -13.007 21.6342 
-21.1025 28.1343 -20.6193 55.3231 -74.0017 33.2735 16.4694 -62.1269 -14.8432 57.6822 -21.8977 
55.5377 29.0243 -18.7726 44.3937 45.1629 -23.2392 25.0417 -5.92691 -53.5527 -70.8239 -12.7397 
-
34.9336 -32.7465 20.2335 -19.8881 6.49796 -27.4759 -14.0061 -42.0565 -32.0623 6.11258 28.9959 
-
92.4514 50.2002 25.1863 28.8861 17.2345 0.494395 55.4755 -8.42511 24.389 10.2044 -15.735 
-
21.181 12.0989 27.443 11.4074 