17039
-24.7513 -30.589 -19.9158 -34.6885 -53.3152 -37.633 26.2854 -12.5421 -36.0229 37.0192 -13.4108 
26.8803 -5.04713 12.7387 6.06687 11.6844 -25.307 8.97992 -15.6101 77.103 23.0072 2.76664 
-44.6601 41.4256 11.4079 14.2248 11.0623 24.4611 -18.7255 13.0219 39.0649 32.7406 15.062 
12.8472 -14.3605 25.8744 -41.253 -18.7506 -36.3783 40.4644 -58.6759 -12.4977 -17.8001 17.874 
-35.8404 -61.1107 -16.5756 -53.1534 -33.2498 31.1063 -40.9563 -36.834 -6.23587 52.1494 0.275318 
-27.8175 5.32636 3.35685 -10.0125 -9.7329 5.56513 -14.8039 -26.9518 -49.6142 64.9478 -11.6486 
2.77687 29.8136 -30.0717 3.27089 2.26032 -7.08089 12.242 36.7889 -45.6224 -21.165 -33.1616 
-44.3706 16.6924 -36.8704 3.95933 12.3224 -33.4032 15.1946 23.4299 4.59823 14.9349 30.2276 
13.5973 -33.3663 1.75632 -41.7005 21.1296 -21.553 -0.827859 28.3227 -44.1085 -62.9771 -10.2697 
52.1306 11.3146 -7.54323 22.8757 30.6615 42.2912 19.1944 -6.00913 -33.1541 43.0683 40.2024 
-44.0143 -21.9857 -40.9352 67.3662 49.9501 -7.03332 31.8673 -9.26599 42.9751 39.9263 38.1611 
-
-18.1412 -6.4289 27.757 -77.2671 20.1536 2.14494 1.92487 -14.0221 24.577 15.0291 -9.86421 
39.5758 -20.4884 -52.7666 -3.27601 32.7056 20.7131 17.7859 5.31084 -41.1832 -11.4122 -76.7012 
-11.8992 -37.4946 54.9162 -1.61503 10.4747 -30.9018 18.3396 47.8857 -19.4007 -11.0853 -15.5885 
-32.7726 -18.5154 31.3765 35.1528 31.8446 -23.4943 -31.4198 37.7573 -6.28327 30.4563 0.64549 
-5.91428 -43.9949 22.5879 39.2373 11.5863 -46.6448 20.4976 -30.0749 -36.6383 -40.3045 6.9151 
60.1673 32.0743 3.29681 49.2948 -30.5665 21.5313 33.3048 -7.29543 84.2136 38.0107 12.8927 
35.9957 -7.57037 6.1727 75.145 -40.8607 -1.73832 -40.2974 33.146 11.0861 -69.7697 -7.73658 
-77.5289 -33.5699 21.9214 15.6066 6.27503 21.2171 68.8843 19.8837 26.7374 23.3867 45.4637 
30.5045 15.97 21.5987 17.8048 -52.0537 -4.03986 4.46598 18.6872 53.1603 -78.3309 -41.8763 
-0.0399132 46.8565 8.71724 -46.0018 -8.90123 -15.1825 -55.7279 -42.1637 21.6387 -84.1706 -6.75222 
38.4798 -37.7893 16.3161 -2.83339 15.2581 -40.4959 15.8923 -30.635 -38.8095 -11.4075 -0.803085 
-
-66.0183 -27.5514 28.5246 -5.77528 -21.1097 -11.3218 3.8782 15.6047 70.2417 -4.58723 -33.7591 
46.6285 -7.79451 42.3967 12.6767 49.4591 12.316 -19.4205 29.518 -38.2827 -25.993 -9.5297 
-3.12062 30.8026 -13.8611 17.9349 -42.6417 24.2781 9.04494 -31.5849 5.50187 44.5083 -43.7206 
51.1816 11.7647 -6.53417 21.9272 36.2775 -13.4024 -7.13769 13.7231 -56.3615 -48.1466 -20.249 
-
41.6629 -61.1708 35.5572 -13.5846 16.3158 -5.29931 -39.5582 -21.567 -42.6658 -13.3968 20.3789 
-
40.5135 37.0785 16.6645 14.4062 51.0746 27.6001 51.9861 16.2067 -15.3025 23.5957 -38.3503 
-
5.92706 17.6999 28.992 -7.32371 