46258
-311.639 -263.976 -162.882 617.873 392.434 198.391 -434.034 -21.0642 430.47 255.841 279.186 237.657 -147.887 -72.1847 193.726 -789.083 -280.569 338.468 367.063 -247.535 -112.474 12.3234 -222.758 845.776 -384.268 
502.511 533.273 -140.348 327.062 -359.046 -730.174 100.743 -231.89 -285.229 307.575 -183.432 -197.55 -105.139 -374.538 -93.1359 -640.372 -224.693 -660.391 -428.029 -285.952 137.018 295.027 -7.91829 -111.754 -27.3778 
552.174 -458.998 -293.367 -103.834 950.799 77.2004 129.008 411.835 92.5519 -89.4025 108.581 -275.833 -202.719 267.536 -58.6634 54.6313 30.6919 -276.07 924.406 444.792 -252.109 106.545 1.85009 724.531 -241.655 
-740.094 209.687 21.0625 -235.28 -96.0586 538.184 -147.925 -254.294 -17.7461 47.9016 654.076 -513.902 -516.745 -90.5467 -114.298 66.3034 104.041 -35.6315 65.4876 53.0442 -54.5041 417.734 -338.858 -84.7002 357.064 
-256.24 -237.59 -392.793 -9.48943 -120.995 -175.745 -145.629 209.212 -96.5322 154.598 45.7709 133.249 -701.468 253.219 2.43668 226.635 161.708 309.584 294.651 86.7956 -602.696 -55.1546 -68.5063 -182.809 -746.946 
286.542 -196.996 -92.985 261.982 29.519 -76.5321 -348.801 -328.164 126.642 150.607 -134.597 210.636 -36.0037 -426.853 49.5776 212.071 -656.515 909.314 33.4353 -431.063 331.297 326.213 440.019 388.078 704.103 
501.502 591.432 -27.7123 833.333 87.7411 -133.437 -139.191 2.9361 19.7943 -336.602 -87.3507 -22.7447 158.022 23.8493 -52.2361 509.268 317.033 -329.327 -335.539 -494.072 -237.622 39.3142 -231.183 -131.204 -171.726 
472.559 161.934 -197.875 179.554 208.301 360.448 -14.9882 -420.671 -151.516 -600.326 550.832 -539.518 -464.507 254.054 69.4547 -435.999 -859.074 -28.486 68.1294 -49.1742 -438.838 -170.756 -512.767 -669.262 -234.122 
1124.23 198.194 -178.786 -215.439 396.764 -127.256 -233.457 368.147 -589.745 493.932 135.34 -130.649 495.632 557.032 232.002 -61.1332 -357.916 -491.076 -68.2053 8.38985 -132.391 64.2489 138.692 176.638 335.36 
-289.118 178.605 532.249 -45.8211 334.573 119.331 293.741 197.842 322.748 261.81 -272.664 498.789 -832.529 140.002 -531.085 -211.413 105.041 -50.6995 -242.862 -444.509 138.543 -35.3333 -616.783 -558.807 -512.684 
-
195.909 -70.3561 41.3977 -177.187 287.435 -139.184 38.1458 -398.556 75.9244 -240.053 
110.59 -449.65 357.133 -277.326 -278.57 -340.55 374.331 -16.5387 83.511 -10.4043 
-64.6911 530.748 -934.023 -193.45 560.943 -438.283 99.0476 564.384 174.054 101.55 
577.876 40.6589 185.316 126.39 -194.36 62.2817 -669.443 -190.668 641.884 -310.807 
60.7386 3.77871 278.884 633.404 -95.5469 -96.9418 -133.384 -277.163 806.392 -504.976 
-379.604 -94.8566 -513.118 -660.859 -256.006 -359.959 502.138 -309.139 -267.986 -309.794 
-233.924 162.284 120.175 51.8989 251.336 -51.0766 396.516 49.863 -111.69 95.413 
-838.851 160.621 -321.986 74.5831 241.981 208.4 -67.9754 377.999 -391.85 45.0555 
-684.039 -381.87 92.8806 241.063 -225.593 196.401 -16.4949 519.036 -283.696 -480.1 
-149.99 145.081 125.71 -928.304 -128.961 225.515 22.9277 654.139 293.117 103.69 
-
-176.471 321.275 -306.06 -195.933 474.19 -28.5926 199.112 403.709 395.183 -630.519 
-166.175 -91.8 586.57 555.81 101.098 -325.23 45.371 501.967 -402.333 63.1187 
85.9538 -310.637 238.623 -149.124 110.702 7.1766 -217.903 282.582 -794.573 345.363 
-97.382 362.569 -163.452 -27.2439 -87.4394 107.812 52.2251 235.186 8.67494 -268.196 
-
200.852 408.881 187.623 -219.02 -282.255 371.042 -186.928 709.539 602.799 -1027.26 
-
-707.331 -915.856 -741.642 -180.858 -232.268 334.038 -96.8552 -414.67 -594.175 -511.839 
-
-249.979 -455.97 -298.359 357.128 