14503
204.209 -134.057 513.618 107.752 223.991 -53.3027 55.3947 -19.5238 149.276 311.199 -312.998 -190.917 -121.846 181.673 -369.693 -125.014 -244.447 1.63971 
-397.54 58.0766 297.262 311.737 -166.336 177.684 -298.319 20.898 -258.898 305.301 61.2172 -75.2627 -39.605 -140.584 -45.9921 184.189 288.05 215.063 
-67.8262 46.8482 106.865 299.501 121.101 100.172 -50.4462 52.0706 218.722 262.738 -350.241 501.894 97.6625 -10.1179 -98.2136 360.652 191.425 174.772 
146.334 41.5617 264.397 -256.246 -227.563 -350.94 -33.2398 54.9905 -46.822 125.972 178.316 6.663 201.659 46.7174 8.29359 222.402 -132.015 -461.444 
-253.515 295.645 213.614 -486.988 262.379 -13.002 -108.513 143.973 -52.0465 -46.6913 -71.4348 200.921 147.14 464.261 -190.312 201.142 263.72 186.219 
261.67 -272.927 564.037 68.677 -546.577 353.395 27.9331 -180.417 51.4519 73.484 -35.8674 -133.295 -279.542 278.283 247.62 -257.26 31.2708 -230.416 
-50.7679 425.76 -164.773 30.5086 -77.0172 310.204 -114.756 85.2023 -7.20696 20.9743 -256.825 236.669 -277.008 -130.76 506.308 -231.576 206.445 87.879 
-
141.833 -51.404 -292.754 -398.82 -39.139 257.633 197.699 
24.6123 157.508 -8.171 -124.684 169.257 41.1157 -240.159 
-101.753 114.721 75.1601 30.5314 -137.513 -47.9303 -189.648 
83.8826 43.0814 -106.302 141.051 295.987 9.6999 144.322 
280.762 -3.4673 203.501 102.442 -192.723 110.721 237.633 
-145.131 16.3655 -97.6085 -384.462 -67.9141 -134.704 -113.571 
-90.3372 -109.511 -307.333 121.643 324.541 49.9177 11.0938 
-
-210.503 -13.9518 29.5705 -510.298 -123.929 -206.4 20.6572 
-323.921 -150.075 -103.009 -66.7237 315.818 113.45 -19.6904 
-73.0356 132.484 -123.772 32.3938 -94.0371 -162.797 -288.315 
268.768 87.1907 433.797 74.4564 321.944 233.093 376.991 
-0.726765 -173.093 -338.364 319.125 211.241 -240.779 -336.612 
-
-128.256 338.295 -196.177 215.581 228.904 6.8552 116.796 
-
-113.657 -27.5755 0.502163 -199.867 290.479 285.13 16.6006 
-
-245.191 -131.369 -114.876 3.94931 -54.7434 