22962
111.09 419.818 -410.326 27.6043 -221.292 281.826 -366.808 -251.411 -228.878 45.6528 
-321.935 393.35 117.053 176.679 49.2844 -18.399 32.1941 254.339 278.416 339.612 
351.549 148.016 -162.386 445.625 61.7411 -80.8513 -10.2814 121.657 74.4717 350.283 
166.94 143.844 -13.361 -9.88513 150.593 -55.2153 -178.554 390.496 -190.691 -385.227 
106.382 -170.115 -32.7793 236.428 51.9199 685.606 -334.796 281.232 290.08 156.315 
245.335 52.9649 -105.311 -402.908 -361.432 308.438 105.731 -125.096 119.951 -53.6796 
-58.0268 167.261 -240.726 230.952 -273.524 96.4644 501.9 -129.168 451.484 60.0667 
-
92.5177 -144.312 -333.997 -412.497 54.8733 15.2228 329.53 
-81.3802 122.456 -58.526 -341.044 98.3218 227.289 -342.09 
221.528 7.06796 203.024 163.295 -362.083 94.7079 -28.2625 
143.66 66.4267 -304.971 150.49 322.618 101.438 28.4343 
128.707 21.2571 211.411 249.49 -69.5359 205.527 188.052 
-214.927 -154.506 -158.926 -528.465 -27.0645 -101.536 -273.013 
-222.105 -210.799 -257.745 78.467 353.714 -96.5073 -215.586 
-
-153.271 49.7037 -26.4816 -664.948 39.5845 -254.731 57.8167 
-299.142 -167.2 2.79359 -9.36612 391.885 346.496 131.141 
-24.9096 -58.9528 -381.5 137.918 102.393 -269.965 -281.176 
203.797 -14.5604 619.294 -103.667 320.018 195.032 270.282 
-87.5374 -188.915 -399.807 466.925 133.546 -258.832 -178.875 
-
-301.815 167.099 -141.336 203.998 325.363 204.115 139.601 
-
-184.807 45.9638 -17.0825 15.1113 363.831 174.326 -20.7325 
-
-222.46 -98.559 -248.202 -4.42969 -55.8379 