73217
-43.2476 132.105 96.2167 -157.405 22.4305 -8.75272 -44.8274 -58.3366 
82.9826 57.3727 65.997 -42.1131 128.326 123.581 -26.5891 7.83365 
-101.297 21.7659 139.743 -73.6717 -93.5028 -55.2749 -80.5766 28.2153 
11.809 83.432 -35.0349 11.3864 -11.5918 -28.6491 -9.77958 -96.9733 
-179.508 -76.8838 73.2511 -10.4451 57.3262 -25.9643 -44.2952 40.0393 
-176.654 -53.3814 
-76.0429 77.0324 
-
-40.8626 105.995 -24.2373 -49.3666 99.8309 
-42.3907 -9.09607 -121.712 166.604 55.3381 
-122.482 -24.9157 
-
-81.1121 -111.158 59.9742 -70.0369 21.6132 -71.9297 120.261 
-
-51.9818 -3.40131 189.778 
-
