16799
-1017.45 715.769 -1076.61 -730.503 24.5533 -200.071 72.3756 -58.633 842.164 754.272 1083.83 237.426 845.054 -45.6658 390.352 327.572 639.447 -877.94 709.779 417.828 -503.002 -813.17 -207.1 167.387 -357.929 
-151.157 -857.393 484.695 307.2 -410.039 71.0179 502.86 -930.746 -147.473 146.003 324.972 -57.6749 1350.8 -393.539 -1608.17 706.989 491.428 -850.583 211.723 -92.4715 -2.46706 534.58 -325.165 -35.6624 902.412 
3.5194 389.806 -71.7068 -1346.23 -509.873 -909.081 477.759 693.165 -210.737 509.685 327.767 391.315 426.584 -83.2882 106.724 1163.31 -589.296 -441.027 76.7331 856.43 594.619 -240.088 492.321 476.044 205.565 
660.662 -412.032 391.164 476.43 -248.181 84.3134 272.552 -972.004 -567.325 175.306 356.83 -405.163 701.251 -502.533 -1096.28 -433.862 -254.347 736.725 337.307 67.5182 -5.14981 975.875 615.032 -192.383 -927.429 
-179.933 211.078 -87.4523 542.317 875.247 424.111 37.7096 -54.8082 -180.58 718.816 512.673 -329.724 -223.232 408.422 -672.159 -112.333 -1252.42 297.421 56.5388 24.3597 -726.268 149.459 -397.27 -452.457 -797.673 
-222.523 -408.134 -335.466 -514.093 -28.6604 558.869 -289.564 -223.88 751.383 -565.82 1186.4 606.415 -469.246 556.912 -920.833 479.546 -70.0164 -1288.37 11.5782 -154.845 56.2256 907.293 -493.206 -444.45 284.301 
21.4856 -512.904 -569.857 -210.845 -730.869 421.716 -870.797 8.76254 -7.75845 32.7851 417.533 -1053.74 1000.36 166.23 868.768 -45.4516 456.951 60.1226 -37.2307 641.746 -239.043 512.412 635.836 799.315 -1056.59 
885.201 99.2792 200.247 343.908 732.739 773.19 528.519 105.12 1203.97 996.04 1225.12 175.039 -363.311 559.197 214.436 4.00879 -32.7602 -15.1577 5.46182 667.451 1083.72 1021.87 -108.31 -195.317 -1045.18 
-
-1046.38 925.987 -207.191 81.9999 -206.297 489.972 652.603 393.502 
400.524 -469.253 -539.751 71.6963 -352.193 -645.133 -499.544 -218.831 
-544.926 -795.359 -491.492 681.841 -892.148 1244.51 0.862465 -407.557 
67.0566 -429.035 -307.76 -212.518 -750.128 -21.9871 751.419 231.937 
-
47.662 -1493.71 -252.463 -420.957 -384.298 -344.483 -456.115 164.674 
-
999.361 -907.561 291.422 -1022.16 
-
